320757526
1560852632
640519941
1817639152
2061745720
128474751
1832160809
214967476
811330055
1096557590
1649857387
1126804827
842490321
1453791743
814991885
1316973167
1460672902
2070325489
722432425
188788406
386023974
1678549546
189547800
1843486822
575169922
130607912
766714128
458322715
807413116
1701816133
1595090141
1128170642
1115185117
88126434
798326146
1029447190
216601185
483003307
1244414666
1027931240
1579560897
746788406
7252420
274567571
53096501
822244305
1591540738
1513769404
745086146
166489515
1702557810
1131110120
1845039062
1892105610
827113295
272725336
2022713522
1593827423
731048051
682642991
1148159908
178654544
1810813633
115861377
266780978
461656132
1145308567
483382164
944659439
242239586
1511313404
376736689
989027992
1518565824
651304260
1042124493
193326481
95361350
408410249
938412628
261850865
2110968059
2069522748
2106889927
1855590022
749152395
232131616
1730819896
195496170
963179667
265979239
1343656078
1141834212
2076792873
1459517456
1408615190
390965357
457342375
1891997354
1335624796
699581961
1255827111
1712361485
1688609953
626909287
216182097
583250799
820235769
311543447
991661048
1758648397
573394313
955145460
1680687497
532800592
663251834
282356245
764932208
246588082
477852415
1728111876
512567322
1821508494
722462440
441876547
1133542302
2131077630
832841904
1590884677
1875591337
20983052
142982991
983934800
1733344538
1831592944
1610844087
1949526635
267360095
283596208
113586435
1259021144
2042244605
686980748
66682956
1575448455
1219781340
729934790
1857804700
1984713549
976522872
188173467
1565341777
1489090194
2009681961
140320569
1930966741
995740615
123914551
616324997
439141645
1999505888
637308050
582124636
835957040
223168940
266233932
299317480
25211927
533594028
582913688
138798362
1792615172
477674646
825779110
1859298128
2053123101
2045560451
441749270
1763444153
1882790352
1418272142
1951617620
1300648481
759878689
1813815934
1440969050
543361782
662072901
1564883601
1159686780
1101214546
1416905842
1796994830
1683339182
105379234
2020163770
1949573115
404696714
2045375697
335683495
987610403
36690412
2128298667
1465285049
862469522
1840113147
1370924502
760546325
134378769
986885007
495853029
1552650911
791018979
1796501510
165045952
457351265
1089986912
708407735
1119424167
507386866
1868094515
73155065
1924292708
1517605697
1756494248
2029671942
1390285819
1558583715
286885009
1288177868
1894267210
1274495412
1324868280
1875082229
592296813
39854155
1567711728
1963221315
800400480
1702090497
802622674
1296253510
1107257760
1593641653
945271372
1272303713
2050992919
2035258285
1980711448
1022933438
395161503
1701322315
1096088503
171970563
1071444364
705099103
54158857
314246535
116199170
341043866
1602424403
2010466380
1615539278
779809036
1738064961
60352443
819663191
1158293041
2023573758
1620063671
712899890
678712784
768833533
1820157651
124870790
1714104906
944977716
28380061
1601879543
778205516
1051313499
1997041046
332044183
2147402002
21527961
1403488547
705017458
75686818
1717735082
821216628
416730685
1172675837
684199361
2032269963
1952484873
274780674
2092622407
624664416
1433073716
1968712517
97244440
2145973606
499941654
866077973
1818647609
624812444
432699231
616141677
653192505
2034578774
1394347193
1704506004
1884136172
1726391376
1704424358
1905664133
982396275
261958168
1981350952
552647709
1083174797
250597989
1725323547
1767374158
135384304
1530324772
2042154832
80523063
7505541
1327744900
2049235581
104749981
1326234859
401693587
970827954
997398820
1026506031
1403527186
1613540498
1679698536
1290622312
860404043
1236720892
1027274837
439311772
793661602
785455322
1421708047
1055619771
619322626
1974355757
2138794568
869920615
1552195656
1758685078
1005304920
935036780
1653356262
1085827983
942542321
833617515
987579916
1047292302
12368726
1389273503
2018120257
1009767546
268295886
1274163795
475824396
1947994422
417302459
1336228440
1037231666
1444577296
1775540212
1830893269
82548971
1049764611
739029392
701871597
876636720
730340312
1571792213
281348728
341541742
429613485
1216385509
1994898004
1515441468
11444182
681031871
355537737
1058736485
693400597
1744811240
929373094
1703168144
2013107127
56053241
31508892
1813617901
473355700
1367737332
703365920
1917932997
995793896
386775541
2000481968
2045558508
1125804933
554869917
774711580
1856145245
2126662130
1056060309
50203339
408791967
124962170
2045101343
1924233436
136406352
578649567
132287525
1195142837
1272050164
1877098765
2124515931
827734660
1742722244
33085524
859243553
1408856498
506441225
79497237
2112222418
276890574
1075291134
351514311
129888894
973365994
1477319244
684758811
1748077574
1185980841
663937294
656654235
1236184180
1072729261
781616405
1133801875
849479049
918022758
1712451442
981766574
2113165595
837017959
711381692
2090197879
1664752619
306620288
2123283403
376512524
1715476786
482240980
456009762
1680215556
759131554
1531300896
2031729867
889020448
357183242
1361565463
1573779260
2105260816
400062656
90232906
614431404
1636246836
1162962167
1396047809
622565064
2012441217
166586919
187532858
846724143
132268867
1024550817
1558105835
74983098
541819789
1864726124
50782853
918332313
1432719262
533023834
1374342075
965451171
1292155388
758159323
849697390
33692189
1115342565
63779206
1607471449
1073119734
463841862
1697704355
1687551138
2100088699
713182874
936115299
575170115
578140443
1102702219
762702973
1424864587
1234971086
1787253791
835486774
1309954184
181589932
552729250
1360737037
1099922245
1985448513
1893760871
326780673
803416036
1038432612
1084939996
1653113426
1072124801
52798914
1716892632
532112602
1125918648
33250847
82333309
665986138
2133339546
795516183
1602101437
561026013
1373656627
557320008
1323728986
651037566
1792291094
963499129
1486524340
954761630
1145089061
2039253591
168015020
97527659
1877218456
2061775891
424308332
533150844
952724855
1509248328
38780622
2024849656
1562047242
1755673255
409478610
540482242
1788924102
491811919
1206468380
1774780000
1287328103
661086170
188322365
513501082
1218406178
1512051351
1164538648
863213625
328066833
503579340
1817975255
1473155894
395349283
1985990275
1570683553
125084091
1900282519
1994991885
658234935
705523726
1356756566
697015558
582889735
771320160
305205165
992368345
1311802403
2094129267
1484180265
370787135
1721425619
624024720
1031873305
1909747984
1137525802
102795836
1274315687
154580802
966009461
1602382520
658160142
636501068
928054767
1053509426
475007696
351254672
1178593517
227806567
198762910
1836828453
933330293
1555519476
386360363
1516220028
179355988
691565528
361104726
1491158391
638211147
1845284991
1861945527
212153118
321826063
746335184
2121901102
1459351865
849131020
1248733141
1613932667
1815140481
703632014
124609161
304157902
1631686781
1178118587
779165598
1982941453
209228457
1006972165
34220715
2046056910
1940302458
1589740191
284933625
1309038839
1769096180
976499153
1670143565
1112770923
1614710300
1367944908
827232802
1826863418
1689770971
1573567987
1801280872
1001639188
275215359
902530365
468088207
2090355841
1606162379
592697368
247030095
1090365512
1770815956
1026195693
925823318
1980044413
2033167858
960044033
1878617675
1825986668
402300577
16067652
987541859
23913109
992566805
510201776
1136684032
459793457
1878146684
1963916835
139173227
1420434007
1390001174
1940454099
274589547
1665216533
695500816
742677754
1608088726
154179548
1335375123
1855118821
1244545060
958707431
733830866
22884730
791268196
619515076
982928764
522402223
298018097
1385229341
538469875
1285559956
1409142450
1531036680
1795761733
398342834
1990830137
1526424769
214776021
2130003364
799375129
1604777195
1922973815
1073964676
1122510081
470990983
1816642431
583115159
625170531
1004533906
290750333
1869715592
1963241337
1024581199
1892600322
607025885
1644096276
728045438
1129428108
1942114373
2113274779
1667897983
1080190681
1374933581
1051451015
728468766
1773276416
894797504
107409888
1988052437
877317220
906785017
1445345985
652807387
1980749693
420372418
1123798370
1649908476
1003487577
1748968902
506958734
1294237910
1471200846
322716423
171335462
1216317520
929742308
1815431738
1944362959
2059170416
1610062463
1910154090
1579584751
542769496
1137604024
483552118
1271238263
763396792
1378349622
1378648151
603965581
108183194
137949520
2049311566
760990581
2118699213
322200336
1884788952
1621124042
1325687914
1486274206
2128082776
472442176
809991404
303315552
643777638
2026308924
1233057860
311725728
1823188235
1144744629
1921788191
1585858678
576845732
317074040
575979054
1060397851
1588312303
1339375846
291263825
819476806
1943341427
399447020
957426326
1845169346
1160437601
928641891
19886034
897742905
402282285
1345573948
236533463
382881414
1818016125
1046524867
686196966
314310115
925350144
1919254826
626035844
601054731
916515807
400340387
39429761
1493361540
717414427
615408815
406275743
158243082
1954784661
697539568
977719888
1750642441
1096986588
1935146214
1448328139
109940542
716304458
1468214173
1007683447
1118586743
666304474
1244216911
1501468157
336836951
143258130
40181475
651147066
1068608274
1959436302
1277182910
1669663006
728468461
1677523298
1709092767
74346353
247454077
177017935
480622096
405697160
2131802596
1178161665
1383417048
1734961389
127664605
1171079615
1035805880
237605147
1887384073
356536406
1245288595
858487168
1022840880
342021858
212471678
1359677831
485279988
252653153
2010824897
1553888263
64605807
1140524160
1076067621
793074269
670563810
637676740
867420622
918017887
814694675
1348042719
1323715047
799013624
378720736
559648448
386491365
506385341
1730728063
1422297246
743990489
1470628488
1778833652
1989279084
181632008
654190884
183817294
394103686
2013868715
669097282
646756840
1877209964
75501897
711362647
870250476
1151569518
1504436916
1540814286
1789246259
224373891
311348526
456457286
1572416610
1635063573
1255470910
1951137346
47228373
1641962276
310039039
1777956436
916775874
1054029528
1101101276
548125878
895824964
1282733285
1202316762
1079642258
1676836971
1068701829
1748739541
176110163
798428145
1824241438
887472811
1668678622
828327309
244426079
1062009260
470089920
468799970
1373357786
926547206
2041216580
860937712
34534469
1844870278
908166085
1676496745
7425670
538638874
445788971
1061455198
1639740150
993914849
1957280163
774989787
48747963
889438773
304343111
1117449792
490694666
480453274
1915877937
167452457
1367926085
1437072911
995779766
1612352165
351598524
1465869686
2081152135
1724956310
244933244
1974885068
438410374
279467713
1672271698
1346576460
1955964458
1679697368
1885215334
254269781
593668919
1377471836
1248184630
403465434
4977976
1296932593
1292904207
309321087
266898737
1783598874
789774361
35293027
1951051331
10216799
1472365938
799347449
1622568964
1823964462
117733487
1556237451
1401437125
362666731
1383638871
1839847499
642134445
908426922
1038940311
450615255
440640642
776671997
704885037
1034309561
6660186
1953069667
1437774995
11638162
1102518613
583195555
320959249
1369417350
219310781
1110733610
1404710377
22878464
1120950409
729592668
822225913
596035725
406073482
939959400
4789529
1807510607
1302626131
1388428400
1499874459
1944760576
149371674
391331122
247892184
590012317
1168003120
952777221
1624321878
1174663306
758363240
914613226
1186301468
1860881853
1497808781
1507260717
1082815556
1717119562
470510679
340042285
1739998026
1591461089
1069634953
414740291
40013166
1475708436
1354699691
44802695
1135735395
509842174
1433231096
488126206
307119103
1582602770
879457329
555011287
25131439
2047460449
1507788508
1649453318
1074640107
118668100
416582896
113457927
1979549954
1914391677
1620718644
914881862
1484027591
2091229323
1254924147
1076541969
1535206764
177075453
1491282260
1575219931
1652783889
698498303
1620022626
641035636
1208340477
905770074
1129161843
1515459580
340889197
2008619172
2070470867
366020636
1908595973
1430775727
2015473954
835752432
1549443828
284573202
949210359
1381510134
51481231
422445355
148908348
1535508822
366191030
1403832495
464567143
1901397795
1580907948
1955849403
1329134078
1086208189
506864058
801673056
1727243826
1715204536
1707443131
708922021
1083180468
2048332328
570057545
1006167688
266869316
331169870
289459767
134859623
1166922302
1838903595
419432825
2116132661
1072930081
470914057
391094368
1221838429
2006422879
757285398
478187277
323506375
511199545
2059095225
131872130
1840333623
997819767
638736189
494523032
577579945
206457077
54482515
1286501966
1289637545
2102814843
1856559511
148321585
222200511
40245733
437781353
357060134
1207168035
129201300
776492960
1175817048
1202131382
1247407017
1566911416
276486163
1106346248
176713166
754673440
1429852623
687912712
666285018
1561724754
380762687
1664104785
52977295
875285719
94201082
259434372
929768234
1380703048
1549071917
885099429
1089778911
1697393503
1107299941
1130024644
2135174856
1464360075
189709031
116892508
93369387
1365526079
1319023890
1340776404
784953847
1595510054
299639005
961667013
202699846
1729491628
1649579725
868984864
1143732734
2030342413
385606001
1196710029
758144484
479807083
1456144401
1687912719
1860510131
857732671
425528500
802805394
407642526
1532828441
1932830038
395333734
849704869
2122539069
512226242
943074256
1340581500
1831250133
136367013
2125535347
1279276539
436006018
939718713
1481976385
18013998
441814790
203477602
1161746733
324673555
589083603
210973114
1082818040
1068890687
1667117516
623247111
781917170
377366539
1048775611
1584722565
785009065
434120405
1370068955
1180342799
1283825274
1345124377
1692569041
79415882
538222229
1376335526
215782895
516273929
508128417
651788913
1455992642
1990104803
669802912
1897807432
46098757
1831549645
74997340
635182360
2042522759
1157815380
1704073047
1562156627
1781062491
338506570
1939523166
682354454
1923229135
577048583
1116474859
1145814442
1757391382
252816485
343455171
1302476776
332232368
881677401
531328654
548015263
1397951330
1039457072
1199804177
706460324
882078227
1869607089
456784108
928176984
1553673086
531781448
1563359344
1448712197
1689596828
1119948744
863385177
1323175671
1458455314
655424695
2005530126
1234200801
1232473279
974521337
232531595
842381013
1227337823
575986767
2144857789
1559570191
1457664168
528702796
2107585454
708131850
1568159868
1159905983
1414592174
302754447
882029424
1871376282
1230931431
288218862
255674083
646807127
1736931060
1945270911
1766755871
452832589
1120962935
1077727537
1108257284
979009413
164444690
193246915
1953530750
396976286
1035627929
1033384925
972963053
1033002070
445471468
283143573
1561704866
405573275
991275423
982381086
1565479258
258383949
1285135533
300025035
2129760231
368583316
588243897
237950666
1015390444
177691309
35737930
634662667
630523898
1156700865
1712390205
1738781183
2135710278
1876834895
1932028098
1941757380
126327533
820172379
827658658
1099290586
1853174450
1273130126
1382434159
1267395668
1678703401
226225934
102293107
1096699012
484609883
1387428640
1396724047
466886467
1756011957
1984967944
704837133
623918753
15175606
740575063
1258581420
645699504
1897275928
823487977
236997039
1885502558
552839225
21541490
1679776291
679166758
841713869
359951301
1778457345
547404671
1633081427
1013407856
1814800340
1164301181
1239633791
1917093447
113516545
1724243674
1157038439
1510240592
43646493
765566748
1347724888
748483627
1389485501
1362900494
1489058690
500583274
2008599999
1238850971
1324071251
98113390
976869881
1876910476
119654880
509162524
408593587
961368750
869113825
39567284
1508773421
354711605
1052975140
1176090113
1519012786
145125283
945699912
1632529331
1869368958
2102738352
995286275
1913015451
720821452
195527515
514015430
2110306954
1558428010
2003074121
463406580
1419544361
1094441444
1787477831
1517657751
2071311325
1516904660
1637312632
432990202
1925498247
451197734
1302104027
1965065531
1959971155
1656815632
870557023
988577621
1028344770
1015682307
1934277533
513390453
737567617
1889532237
1508676728
503099420
462870042
1704204244
1017114851
425693348
1115148606
872705324
889099928
387209319
1967146768
529094111
1904867070
1890974445
2045998771
1394696054
176480999
1824013370
1845893788
1478585027
1641595253
1658381296
987917011
364668629
499475269
2016261782
1380350936
286269154
382168587
2117918553
28317744
1890845316
473534325
491187786
1447565912
1490649176
916881134
415230870
215870852
1805981062
802440189
35533972
187591525
559823611
1926508418
86106649
1954519666
2102989417
1910120019
1652929806
1434090796
1404231625
1163827454
274524160
1768900254
1663302723
143302294
1001767542
1949571878
525470881
972202447
1977889622
268832549
1445736772
321593760
1716398461
788902301
1238474894
2131629331
1004773153
896972308
786585872
1040307126
1084563833
1346409484
819331896
1170670482
1153445502
774837665
933306854
658891660
61444814
190054831
1822719115
335968974
1958955085
1338538190
479271268
813238979
1140626420
1004742149
1785441426
971032394
1273574699
1083694550
1292626154
842489512
1872596851
383617400
826635196
729886357
1280589708
1613221068
1770193483
217669894
812146904
442041731
1388340376
1965592406
1216879396
174163582
477000419
1278324210
364218413
152235886
1614293184
175689850
1490774076
2093564452
988928829
483916849
950822954
626886607
1454949243
76914005
1710581158
600091750
919403517
1435694361
983709150
1746038713
18097070
116815211
1211776134
1788290553
334485105
2023923038
82848636
1722825481
1842031797
1299728033
1896989064
171548568
430568595
113723829
323784454
2044861780
289413680
1814558530
1990942584
1278342509
150991731
794281890
1905229117
1605940975
871195895
1468326627
58549077
1790599413
756537340
1042258227
1389154478
774634411
1159073438
453446964
415441316
1493558543
329886355
498289953
1068900377
24434504
1798017986
818405793
195983072
81102933
932129622
519767526
2125964713
1221543302
186842408
1969423650
352402164
337834140
616221892
110147633
1943775115
1487417788
1578474260
2002324192
1130533553
187527952
897098771
372204383
962162363
2056172210
825651348
1377603680
1402247105
1155537703
1875893633
323663834
1179972207
1526427971
1142069627
1375955279
1607530904
2074199250
1895722805
1586011970
1148258904
2082565213
1407951972
1500661068
272915705
2024173864
1610808701
69207172
1364108004
1041799313
2071531364
347157909
1229327266
821146488
719362293
44005981
729835050
1545013641
1421609661
2132082155
553067696
1150019646
308262342
1733039903
528963969
1450331969
961511534
2136494874
1377047571
709750691
1575023196
377822828
644832256
835491520
1878483896
917747962
712181736
1341808950
986955134
2076289741
236124615
911002851
275964002
1465451881
1732149339
995326295
1509457863
314500741
392856288
783583876
299099248
945923984
1933603523
607361590
531480239
315083844
2057693560
1492991773
304095070
1287257483
55258816
1879118266
1665080311
700091073
567126138
1396080560
1617839035
1279307875
590405862
457310521
1208113968
826530477
1368313372
1484077970
144498711
952979063
331920618
1653956574
1267479804
724776906
290056802
1566579053
1670700891
76176677
26456995
54697482
391260522
2084150555
1547689256
695355592
1223924391
1602948072
426990211
741521054
155555497
994116349
2137601614
1773394532
125940576
580523828
83221406
1334054544
1407054306
1451534778
670648867
1551553017
257030194
1002569485
1058025943
1524509998
1727346391
1348082745
943605403
1250563634
1424259423
970062399
1305261117
1815519945
906729306
705466725
363391889
2130653697
160931149
790382100
724691104
316486647
1784498450
714809070
2089881179
1910439026
1295332899
25618937
1097009923
554903557
1477153716
1767658790
2106456574
1734183910
622744627
1016998869
1111210260
202607370
217597966
2054815664
1453171005
1641857389
877394415
610948474
1309893686
1784123721
1316415199
1673285576
1767293771
1477346348
316184028
344501227
1793832995
2100682478
1059310297
1736230527
1863637857
207159548
1761849464
813164132
762063105
1091519532
433339274
721036031
678219794
1056083901
1738034900
1789430055
1258691271
1955632867
1696762071
564378628
1450006608
426672838
1175327102
612416647
63312911
344258653
138218575
1830606682
1821605002
454402603
27624261
1467954349
407601434
1086934559
1056701228
123755643
1294094107
671067045
936919775
2056157213
1762586577
1370259049
629709596
293322724
278859302
220260849
2082752779
1537550573
28410068
1632031202
2101929202
1478416676
2058704040
1129772656
2090833323
2122016951
1474031310
81568250
1805139986
1148152664
535970854
1832764247
468623365
943572288
772215158
1525324594
1067327931
2066309266
48907991
2004247706
1974982831
1811494568
1227023107
457208779
2104817292
1505882409
677469628
2040086423
895949334
705879696
1524633977
850394888
36812725
1435854369
1980167545
2127646048
1410387673
1306715207
61730651
1068044011
307384223
597701505
753324610
776007588
1541273793
1525539769
153848534
461118076
1444365387
202756525
317882134
1271864570
2014251094
1544905241
1729073349
1971584738
903304002
259059330
1864187514
1799253336
964939026
1241337843
502164577
1001751751
529708565
334848474
981914152
1940096238
1641563681
1043644803
860656601
1948947904
1641346308
1613981211
577471844
1035136453
992037332
731320379
1496254529
288919071
934076904
1814136663
1560783641
800844350
1211558256
1142373343
624945441
2114862258
1401432673
341649307
1766631946
218888051
1582987150
121312875
1220639803
2112695715
456161349
55070307
1905308305
2097725030
1098715110
618481258
1899189286
592577770
84978822
329177483
1627714223
1077016154
1060497862
976485104
1365935226
1994574766
643138119
779235219
647935469
1854696375
1921608562
1272880910
1822074985
1175557587
1614530217
1441223283
1394445639
1050033719
1562536159
467601794
1015245787
2018697508
522672101
773070444
1968938891
1621387211
1391551703
1720644529
66481333
1476530525
2049822012
1694195556
406063031
962836226
523197012
1771998257
809927345
1166335131
403749829
1457862814
873547858
177874743
583260076
548139195
1353432331
50306645
1989362478
600394322
1100340364
1404414989
1067996116
2115586151
1275628850
1590668217
741172948
1097084093
1064571780
2132724651
670244974
1131053113
1461771528
572583339
677765021
1867834559
1535419565
1200962033
1492349169
197863262
219813516
1896098998
1655726076
1093361374
2073973741
91502504
1641500569
1279922424
141809149
1483379399
1880316746
1242149514
740310741
800829214
1210252017
2015939591
244013783
1951424965
965540036
1308585563
1936665968
1635785010
292155028
1250953848
60884701
969920049
971304760
1596304267
23398434
316170281
1794167529
243211950
64785631
1302409958
1336573324
2138759372
1393912462
830590245
1271198149
1535721612
166485997
1004031247
630387478
906796738
1804860462
1840639495
775252681
2048874245
1644580813
1740792717
1209976161
1433763133
1229094079
1502131189
537233334
1289978781
324567591
1508538094
738799400
347966025
1824708375
385483281
591177976
1889494006
1687893239
1927751300
1880769730
934322054
610857898
1004484231
322560018
777343895
2008515479
952947496
1684140633
1665892293
646103343
311909666
1567282890
143200508
2052702383
629775403
1576963642
1134312814
2131906593
2114196976
276807947
308990536
1475251422
1015607347
656956561
1152476149
1401090629
1248134537
894486507
941500220
1028402190
627772589
1875822274
1639260088
1632256821
50898644
269120335
1493288652
1003846140
1953260968
1011697297
1649949484
117686986
431496539
1793149992
22905721
1061271943
1222629986
1157218535
1045694888
1189343314
1434026483
1354685424
517111088
302150182
2011641985
1669587237
1703240811
1112292875
416590096
497257384
2140695065
1044362686
225596010
1632471505
529135859
276494655
1901591840
2022424511
1280340795
1707369160
886638160
782806631
1825056146
1318134699
428472976
1847961867
231922994
1651102962
857696754
1277617882
692962629
144239589
484819658
1210073717
446389772
348977996
732177307
2146935
1461270871
1148767403
499404319
1454482288
45646441
725000330
939470145
574782300
1001494985
693578337
449723163
134352132
253463849
1336361323
917158764
2078519995
507012375
1345631740
1778998214
738935369
849251054
489211320
2016553252
1542213683
633450910
353889262
604803753
1079840682
702867258
1336981060
1081987617
16654481
338264815
1581391937
1471136769
383911257
158908619
263123266
958693557
1160403604
956701603
1408416721
1294755736
1210165452
597294396
64430852
1141201799
1104306771
1410062592
772716365
1843242141
111829999
1261927686
1712311745
1654043682
1895378596
2066201007
111363787
827735630
621584618
1448344847
1909723247
638239099
1786609663
1343631536
2109375869
23037272
1502540155
225015487
981730829
515460111
1181717091
242663902
1810215848
244398895
839958299
1874646700
1385600695
1944265070
1137225645
10833412
1640023563
1249055644
1272761098
1204851660
755615678
1020656046
1123569020
866979466
1848391676
1745153638
167840665
1610631276
235909089
1954450328
806779164
197801310
1977487600
161835672
422816798
811734782
677295783
1604533889
1054398684
340027983
1848932784
1894356983
67191036
1087049831
1691138406
1204416681
1097883244
1183678321
305988677
223160694
241046334
1061604355
1243816741
1364615354
1928583821
944724769
962285344
2096424487
407872397
1198194433
1903391167
1214651562
1395995744
1733395120
1376487234
1818812542
397646254
2053783017
1275862783
1452044938
246327353
977311919
1198918274
313518389
2064361751
742573032
1517935070
1014761347
1926251353
1823923747
1237922041
19814039
738044454
334255134
1384429393
519144628
1278979904
199231089
468085467
1686852301
1397425523
223992986
754020215
645937619
1957388106
2130507449
317266513
207550712
2036806819
1593129296
1659595651
135650524
422957567
711030277
449168913
339835670
1453603309
1967103983
1354597017
1232371014
1643544082
445035411
1252185054
234104888
779290545
489130799
753249516
2058270449
688361889
1221334983
1597639103
2085787412
1445327970
204175670
584241383
1255232428
187199472
901507896
1462783141
76522643
347153544
974895144
212173167
770111111
1685925421
661342080
1109946782
992045082
480962415
317060151
76932448
2124506497
762095562
1329117502
211127737
1541386108
1818248302
964377254
1452172909
359126543
38228589
902328364
297430307
1483556559
1106504035
881671690
591305340
1293703507
1783179586
2054088481
1370226150
2130333130
881499977
1582399317
752960593
419941750
96257749
1862907375
1411986832
577220164
32483879
1488919280
554243013
794579441
670553135
765370750
188481901
341317789
1729748004
1640654811
700444332
1767976594
395499527
997874639
1104049505
1502003562
1879546329
1695354845
648223421
1515242267
1601959678
2018449571
1498091749
335976007
1453365240
103568694
755917757
1549622989
1966476070
20420941
2126843153
1998959949
1509340222
533602518
646055742
32409709
1298973269
834537644
373727498
881237625
327708807
1074171830
501730571
723208334
2072046469
1605780077
77728249
1804109150
1153651274
725951670
1171867769
608127305
596917594
522475870
944103312
2050282834
626044564
1700021070
1452422176
445036986
1720442011
1431781681
296513287
1082298585
1965384200
942569030
1114708294
1116873821
1777106674
1488435792
1998111446
2104815481
415123974
352358370
680540167
339686795
1958138447
758268416
2143795945
964306073
1484220087
1168180066
1572433378
2081137681
1690655936
369053043
1983936867
169216853
2069074113
1288875395
614253839
1642032476
573173429
910767127
576847414
391073981
1853336157
1691555708
1507947802
1482959183
1032507853
1358575600
1440291016
1447631827
1710933970
2120831183
1787318623
1521588769
731615952
1783630920
338411195
68352391
804327339
1910844573
2006424
347499627
132413968
1985943291
516716480
54004433
1127335039
1130970320
1696036910
1700508468
2041737447
125400676
2091582449
1747589956
1816956384
1452046603
1083065491
701980589
663138555
375872859
2128769
226588878
349220394
1789447392
1748177647
1080836346
1425594664
2086588842
1149188737
82438355
1849949768
1151195161
429937983
1982363736
989654805
946654463
2036368170
2116989844
2077624783
1584921432
1670014664
1971878582
1710322108
1614113465
1571984890
1379794844
918676420
507566733
2081775434
1581814975
883439592
2083904203
1808403853
1232659987
1725867947
1409097853
166012685
1003978963
1348203047
1315201423
1086417319
1050669167
318912936
1516355302
885549256
1308567741
315526117
774433778
1278073937
245667253
211871562
800604953
70062187
1922193670
267234770
1642047078
1154504866
1185911190
2130163
1088796652
620242518
885569756
1025217207
281162723
2118229743
603601506
1690260576
136758780
1607580470
890979976
1451960203
546514141
1941649143
1770873140
2062869443
679714751
931957233
230911912
1454148529
62547523
476579165
1666020091
863152476
546641353
1440730113
1130387247
41204783
447751332
168814789
43334946
1536547984
789057307
928904702
414281544
1070220031
899650797
1017883050
612996959
1036409578
477979872
1503976935
340886133
1024494013
1298142431
2111759273
939879808
1977857182
896232859
1170791721
1284522064
958780382
1647370886
803058507
1821932858
46528591
96304973
804836457
87733374
544056305
973651247
131068321
2080604289
1762708554
1059973023
347402185
685444937
1959623821
1365285236
1298441897
848549751
1843265108
654935184
1189435884
720275474
1953077615
1153711510
1660155282
1783451150
2049944369
683463355
920489566
861241103
183350594
1723548073
535690313
229879185
1819853046
1340526771
317612560
216425703
166694370
448680881
149546345
1929402924
1508653904
496948530
467364214
1320794077
1862233766
1765806111
21860180
1558015227
273257647
1211296065
130807053
78851615
217523927
1790962335
1862302765
119984648
326942043
635308683
981225751
510292637
211373108
1516916064
740171822
2031226155
709959187
1057784382
100168210
876653557
1506465263
249714555
658572834
867635520
746663086
1125937048
40945949
461413204
744259511
62806130
2019428431
1017517158
1274102195
2751836
1096368773
1491626122
1793714172
811187890
1611610770
2120656215
1446496573
445352873
483465204
1657869682
1962268937
1223637026
1541612189
524744477
133937761
1641780399
1401398034
1640403024
1891494955
2059970868
360554896
490674393
1038424268
401500846
952087597
1782683779
464306976
824032381
652717290
1738409171
826784217
1749086063
1082551645
473014741
412790306
546678767
446187308
1859286879
992031640
929652512
1369672913
806816929
5805891
763801454
1331561406
139743652
258098206
585475793
1780146676
2109513
497963013
2140701573
492783906
1536387282
394718771
1444871503
1171587413
859025747
121420236
1824304703
449951270
948204454
1425907119
1532502915
1421219195
1838697425
2079181682
1867406504
1550500656
923729674
649575368
772689922
1730546603
655381259
1536491376
914624362
795124911
1794589582
1500100155
427787940
1796699095
1998063168
421005865
141999353
1386966802
815724636
1586870857
411070568
1674750383
1708291093
87891623
2124701653
509011899
1513798742
1509720920
1930231095
1205012519
1441418954
1650153951
608029528
217664980
152245671
1380719450
1948211583
807626931
769727178
715352297
1602751842
416833113
67968804
2030539782
66048560
2066031973
304061999
208047914
1305515127
1119786635
1794918771
1716585695
647053370
1355726216
1804477319
624271375
1864738116
1170792413
2133992295
1647485563
228321285
1427927601
1150155866
836350813
1645592581
1302401537
69586615
1446320517
2110028468
839313793
14189166
1565296663
1256146906
82157971
1448352797
1322195467
706296
1752414797
1530243381
1306221423
724717784
1177678504
875323471
1371771155
385921072
532317142
1996042530
103175540
1703109555
1982551178
1750661103
1931430840
1262995131
753333321
620298005
761104065
2055734859
689884620
59940934
2018279679
1529198414
74130100
1436092694
637861672
156288071
736961844
1960057139
156994367
341892993
1342816872
1463215791
1066610777
373011728
191055614
290898284
758932801
723372756
139457167
862108341
278998663
2122008345
465285797
62945856
1237519828
1218619118
683243861
1998623893
1126870329
1373128482
2058564827
997666361
754843248
2132694928
286275407
1392704920
141499351
1023237251
1205278412
298493719
1365130244
400611636
1761709510
284257374
773623365
1952765124
575155658
1532556166
528654232
714612825
247180859
807652895
689137522
712466656
870598751
1926657351
1931085775
1553842613
1777797596
910472456
779487447
1688878776
1908138817
1534330695
1674090056
46930577
779551967
1815589407
1070167828
1984830379
2114083126
287814425
237958368
1728308988
572071799
1011581733
1533590464
1147227457
396654251
2062244696
1861840283
643835110
722413944
403494157
1356301767
1593012695
182667860
1139903894
999371660
1960465457
2050376350
1778859107
1501860585
1811031520
1165706154
1028466993
1857962097
1945258122
696572752
780646277
1782604853
663172231
1068460702
2020563221
243997571
1640532501
884661306
1777588036
640276311
1281315557
1692349084
354632946
1925150668
267279380
758127103
1133968787
1860292076
940794964
126389033
712180088
753776773
29281735
343555548
108153710
1840313255
1509261702
1136620703
1550791704
1307036176
1833193455
183954334
942157382
348882038
1252415036
815236955
592879610
745463890
1699898262
222983998
1385740201
833730171
1915333082
1740373147
611397191
35128815
351016602
1745365978
1895420891
1291811566
1871755011
460117331
2045588339
1901036747
803672879
6258401
1593866354
165450934
1142879104
997174411
1472487110
828588912
1181128745
267160844
1177470950
286060133
1082397800
1770350560
1031524023
634812414
1993334558
269780576
1468542585
1761183993
2010153723
2079939777
1796312808
213686678
1677822107
1544250051
1505498244
1402093471
2004367382
1403602936
1155646570
660556614
1409861337
602029276
826007548
405256794
1599203687
151011010
1233845706
632848784
418171855
263833008
918908918
1500569655
2034183569
1950432941
2135382069
1880034479
72729870
1456441006
1493734824
2082883593
1388897135
1142563984
149086623
919235595
539330387
1654584868
173845418
396214122
910704156
1329491988
1056770736
173081845
1931521264
1882778284
578338639
1383241304
2033789294
1812184345
2016090088
304477501
2076017354
787515358
1805047156
1962717275
590464652
1792945577
1695268106
663194522
1101902936
1041519283
598594467
343316423
36599619
747681091
1262552018
575930007
254782311
1436397436
972144129
1165486467
618405776
2028914865
1338568312
402443393
1764209501
1916906952
1785684697
1650515147
1581607649
1654291137
1954992649
1510141355
294322848
1612556157
1325374982
884787500
1258018087
873159441
1547982022
212437375
1914678724
2146576489
555753798
1951278343
746773932
1818305817
379724702
1001556243
1107219605
1351868831
19559062
1725625382
1233300048
1358127375
2128068775
850025901
1127550679
1766269824
353057401
561674680
1273077313
160566402
2071816036
1567400161
1773122559
1249707370
304704013
883656998
2122866811
1852686035
1096094373
1890061887
1851778877
1651848172
1693856583
451069161
1322670341
2073581285
1452625405
282406298
1277966469
1472184467
2008031680
363782869
682828194
1988616807
1213808771
1810378873
1607402983
1566866172
224569906
732996649
1727432574
148902294
152913162
1353071485
1398609664
457617176
89244836
1373992828
162819563
1185339209
1116571067
2014598440
689703733
662944002
318183954
2012374074
589041640
1770809359
147296725
1867008109
1095510178
7844757
83307330
1778338373
1996461565
1297116101
1441233598
1456380900
716498625
1665803504
41893901
296447551
1814705798
194807064
1649519037
1065831815
652424240
1738763873
292340995
815243803
776619434
1408912062
682358596
1466323168
2071856065
1000542550
1331213594
513414057
623868261
1478510319
232938518
1719378439
1486355077
316245848
1350233164
1335332994
1613361950
643983115
644230246
182376927
162302971
686124148
478824479
1977008770
880931212
2128343516
895356937
1533355452
1719623741
1187697932
201115607
348759527
449126346
883474203
1815082695
373498763
1884016753
998812642
886912820
360401366
329839313
1119851338
2079779806
1816194390
1436097187
1282529322
1004043736
901975489
1926512437
1648273983
1084352416
2088815409
186914483
1563176895
1918340531
1067845695
1544036763
666213820
453717499
1116176856
1853911752
654833106
1464936384
155554450
1538307310
1132535431
529053214
1274840415
2131348073
1415966034
1635241782
313703739
388333725
1567537940
2129898129
1824430912
702583614
986458218
578922753
481612404
487248553
1663275169
422944165
674163036
1078968417
193801048
1742008731
475521532
860014868
48242582
1591698389
566442972
703075688
909151125
721997422
93899350
2041686556
1251050636
1368739766
2025550982
519533023
856497900
191771073
907866748
276552192
174185554
584814012
979135806
1160643772
1163736765
1460748210
1647892325
679528286
1883692375
174571713
1758496703
2077493423
1916580444
86534588
790024643
1964823026
1678232977
1356467615
520415067
439900454
2078465038
614314417
334103362
1182032026
1983054183
212170696
1701565049
692068435
403941769
461948149
968620627
578127324
1046762161
1947756434
1738771096
63015278
1261020996
1239179774
742543565
997229724
1413751487
353556620
927239499
1182848284
440091208
1717264143
1000187662
2118324185
926248110
1520602729
410740991
857229500
2134917147
744844354
2039261527
1970487682
957015050
1593342928
515072470
1360956820
2055291078
1483693097
1939084144
954569591
1283965883
1530371592
1017584870
397503232
622067718
1760128435
1394732956
2035819206
2113685055
174488807
1071183842
406292616
1891752950
2071371504
377133153
670517413
1444490586
787874145
1527746913
1431924085
1532718499
1419524792
1254928119
342249901
865384073
1770000589
1703206721
773191503
1106210039
1494807217
1727761094
242692274
877695162
597862316
640195506
1499762880
210507103
2034928462
1388098438
176708511
61933622
311798632
583001127
1953686572
235686489
960134280
476720337
1680177075
1748008425
2004467251
964617512
1133243276
1276508395
72061983
1475493178
2141892468
1842062573
1031216251
767600323
800788964
378539821
347877770
1043481238
1256234983
945740086
1683676745
608514215
1156247190
1571121559
1996612654
1332955701
1633055181
160927638
1915956828
1439258106
396614127
728607460
1915978443
2076791202
329132238
1772962046
893925066
1462375514
901986794
965987050
790385044
896395614
660565975
1821601296
1663995938
1461354939
52657469
2011873708
357352529
1308892452
810130146
2041029274
1917406667
1966377336
1464667186
1766535673
1151849389
950238719
1927463312
920322569
242013177
176593791
1648930030
10507973
105901346
1978062268
1783470019
999826412
1292954134
537973165
1965813462
2083339179
1434368780
478895789
1757456827
950881070
1940250728
1810114296
815271130
150119610
971523100
1625401276
43665236
741446119
1444294965
1508332422
360498145
448660706
311087494
140477809
1368983276
553100671
317071600
870429658
563608644
422972946
701008278
199595016
1422799359
1993962412
737568181
1241129173
1929817943
24453313
1720024963
1539791122
975334383
1512792043
1202421770
1790605513
1662911653
26461222
1268523142
1706576890
767907342
565334459
1067425664
1128405487
1013995165
1378513158
1268883296
235494793
1931613830
1585954896
1105924451
347738826
2008927843
1806932729
547333842
1284243554
1653411494
1284902024
377889079
1435745789
1309355337
2097914042
828053264
137206073
1463222438
2030475034
1927811586
978650443
2056936257
1048851080
537743685
677359951
1614185539
1605169350
1805765438
480697057
836198860
927165086
716191850
620329042
365636334
1822116302
968067869
227080529
1481565383
1515401711
1511324083
987493229
652820087
1889213163
275755371
1962175425
1839643557
1103808635
2099381498
1155382347
986800021
1879709436
2134032791
896252630
781076869
524292828
1573612581
247778760
2129462178
1231894371
728475817
818177391
11575809
1444667668
1438506433
377212144
1119300322
259090654
604292673
453382057
1774492366
2115616757
1440875287
279828805
1857346272
1716630658
94520582
1549506181
672955645
46418432
557404881
1659755666
1926127869
543954024
408524649
559721090
1068246852
1982137230
807499850
1050225383
1066547954
1535975668
1868402774
1078123763
833159688
1159425559
1455335907
1952460010
1418516214
2059628581
258358419
1045524932
2027761690
1699233706
1325353737
1737624314
1268380716
1419874320
1139646847
1941336361
1466292752
1697051728
1453608380
1244936973
93522104
1862133029
1804658063
1161768957
1696786611
464674266
64510692
615850917
2000649934
1932913466
1693974681
686325974
944855377
1001826940
491302336
215887943
913971873
749660755
1261412875
794249915
301410814
439282965
384390581
1569791530
1859157285
1524037429
1363644244
1177966389
1073605509
669768976
275419715
1167127614
384418357
2080077778
181412923
2081204968
397268396
245923615
549572238
250434682
31353433
96063271
936760656
976208810
1097890211
1428062992
1192096754
2011862085
30240100
306025981
658628352
331650914
745308946
1043018934
1901442444
456982583
419572715
1117603040
1634948973
1493178224
1787372016
1910368688
512822190
24306725
1842962818
694235113
2105511694
92747567
940158728
507600284
343182249
971512161
603663555
1279942906
1947720972
1701553766
560522250
992334078
1565932203
590762350
1298360059
77076908
922413264
2043669006
1120095842
676372061
353167941
1539668557
1793975101
1988116914
885363133
1433863470
1751001954
1398185324
1458170195
1446481125
2092420437
1416198241
1539228692
885095518
1923798525
1882410941
1856607679
379978432
1014870199
1656845003
2081532199
1575392450
501695433
1499980754
18671152
1800055493
1577057662
941084417
1696240851
549669856
1617456478
2049408792
2089338413
1263947931
1890042059
827217899
550327753
1493560365
77919575
2008497949
792557842
22856364
1277212542
184302886
907951882
1053527420
2066713828
617075914
1433505852
934100379
126437269
1367554403
362009181
628132703
720051510
380680334
280704548
149625524
1321764751
1976945399
699295381
791737581
1878870543
641150146
2055685512
1621428954
1468368045
458529618
967505672
1546287620
319543919
1760063514
1569143985
1596756461
1944366401
329612219
502800233
1863596581
946688133
1936306086
650213312
1073125403
1156376841
1012222494
1701258106
1876428351
1392902828
1981962654
2026053876
567183931
1811424405
577865609
1358921512
1542811300
1219015755
1267123376
1016756607
539900153
1725652994
1984262279
2086187773
2045196913
1596842145
1507848110
1494469727
1393724898
1837460330
1997269960
1109837831
636664815
1786092398
1760051144
1709790218
794985592
624789990
1263564676
523930295
2017692818
